,0,1,2,3,4,5,6,7,8,9,10,11,12,13,14,15,16,17,18,19,20,21
0,0.04198706618856873,0.029399733831667673,0.058375303218809634,0.06518344872892214,0.011434250742901081,0.05425216508172406,0.05149185681475345,0.05039252340199855,0.01950205097701801,0.05050310273975078,0.037237314812027425,0.06767232355092037,0.05586580840098212,0.048454411436414234,0.014117443411300036,0.028025932255302224,0.06389567326204754,0.054038381422569136,0.05790738513586195,0.0418550526638324,0.06436449956713694,0.03404427235549139
1,0.029912504610278598,0.0480268413827763,0.008741819257613704,0.06238777567604041,0.0215997599013736,0.04134449624952413,0.019164316843058936,0.06230521377188243,0.06544061998366804,0.04391230567593218,0.0072519889340959594,0.08780945958666635,0.07853008730278804,0.0232663604817956,0.0841641374340832,0.03525151848448547,0.07140823191062368,0.0017220625191718148,0.06586284205185089,0.01978147387992395,0.08479037776098843,0.037325806301378425
2,0.06044458283593211,0.002421316914702786,0.016912291244798955,0.07983611298446593,0.07371017950957572,0.0028998717005077326,0.04189534728097193,0.037880592475297625,0.08080568024580334,0.042997553616400355,0.007478910436801466,0.06649099094036089,0.015474074981380205,0.06677175895432438,0.047765930734170015,0.08762045943504299,0.04330376609312073,0.08708667764749657,0.00915954043977586,0.013182807135140574,0.04962993959535401,0.06623161479857588
3,0.062323759198959855,0.05779521990509737,0.021214738628603125,0.018881206763652025,0.10884800843864255,0.030901901182507387,0.03809255244980629,0.07322701907305974,0.10417154142835329,0.04070409426300899,0.022615186017010448,0.051058322413022265,0.016989631622558697,0.021770836948824333,0.021408787662319056,0.05565787658285164,0.07142258962864578,0.047555027404394934,0.04825286976556571,0.046856804209945896,0.039449893020534324,0.0008021333926363954
4,0.02346211811742308,0.06755131856931045,0.033406260098935714,0.0794583770990627,0.0381178658634542,0.005731142281811197,0.055723203568907885,0.046566696000004425,0.05737699714416838,0.07739771334718734,0.07158792344819714,0.026563062451234687,0.011191156834743933,0.05479736693494519,0.05240387270202395,0.009651164782731304,0.08118503186215481,0.035069137056543444,0.07408696884395785,0.056898081869915365,0.040362259003787745,0.001412282119499384
5,0.07796231573968922,0.09754772189672115,0.10313077583383248,0.007938243612176127,0.09226527453997566,0.05716547184412677,0.0007259404838519648,0.011797181791603875,0.0067238124729411125,0.04943562234952595,0.08152894337162798,0.07871056280881183,0.021864976864519596,0.059861364167493235,0.08575667460656988,0.003797034006665,0.008594048838685002,0.014819484485710575,0.08865111442281472,0.009245407625008114,0.03584883467911501,0.006629193558534708
6,0.051499682035117025,0.021495553248634017,0.0211378682804897,0.0669168984738397,0.06547938687130327,0.06816784576838147,0.010551213365377864,0.010363877009046653,0.05326603424888429,0.07850082286215886,0.07384782087825086,0.08241475897963585,0.05562158327873794,0.008289242309135102,0.08841989283332279,0.03913836798256666,0.023001656169790944,0.02942032138924205,0.08173020108277383,0.024079869688055852,0.008623694917316469,0.03803340832793873
7,0.07157295859743314,0.008674291898663661,0.021251665508713758,0.004910368161741676,0.07168109174360407,0.07288697957287642,0.09051563357718385,0.09296377050654668,0.07463402269525045,0.061776106351956545,0.03914059658292689,0.03198296487459394,0.017344712427952977,0.032713913606172276,0.0030399218285969225,0.07558280245935278,0.01911612604770429,0.013213217059532078,0.06928895371195042,0.03931822858853545,0.023610403735705755,0.06478127046300622
8,0.030710731504961945,0.06996856522516061,0.013264201247597173,0.01660251777535661,0.07319697737271624,0.026484116566640827,0.007852867467496878,0.05451240195999258,0.03767173337338697,0.0820334014401223,0.03580070375938281,0.07395136940264507,0.03961571679124172,0.01982831704430738,0.08259896474600742,0.01702945108121515,0.06621341872111568,0.06722948682999506,0.06027647132899454,0.06982765408212627,0.04073474833910407,0.014596183940432701
9,0.0033086207282128173,0.0063097855253368505,0.012859463338340201,0.04969466226558775,0.06134721505856627,0.07663800809418632,0.01495865733174111,0.043616460949039225,0.06780358552844121,0.03180350933774652,0.046851477845807524,0.08089229600682733,0.0824098701592643,0.027704778544692856,0.014255558825158368,0.07298520668917065,0.015858004069759714,0.04383273119047504,0.07536433718626921,0.0563198845213451,0.08028428470266134,0.03490160210137035
10,0.03939803413559849,0.0781512344655036,0.023876230644202762,0.026545028543600857,0.07038174401569197,0.051941888030975734,0.05735715694927594,0.02288665875396784,0.05259720103200504,0.031113776206308022,0.03837570497701594,0.07432647763218019,0.07525417432796923,0.0773310339018835,0.03753459356012854,0.07418137205942878,0.005748596019103011,0.040448215835349334,0.028010073453618792,0.03490905404202289,0.014782157113960581,0.04484959430020906
11,0.04502472761390613,0.05147449824866747,0.07144038451502324,0.07764068962040273,0.037828145350361185,0.04244659474211642,0.03477356781975604,0.06926760757880335,0.005318160191302888,0.012595527489420747,0.07771256668346499,0.07001821868116381,0.027515388376752294,0.05357613575896139,0.011432755006174225,0.04669260413155813,0.02297641254422665,0.0005863677463376684,0.07184477408126619,0.04692244981052914,0.05304357403532904,0.06986884997447614
12,0.0318107730141877,0.04089347510718464,0.02784790316706155,0.02864664080804568,0.024819079699213594,0.05808075871867717,0.043494232175042766,0.03720044353926415,0.06876461974867254,0.034629654596604775,0.03844847639645867,0.022357714838847464,0.05433705803227403,0.0636870284063627,0.046559947475147814,0.057479627899494,0.0038029311465691356,0.06691422655294195,0.06876780315857717,0.0679208057500079,0.0468654268940224,0.0666713728753422
13,0.05813643237294394,0.08137740295770783,0.00132691874533707,0.06473915843642551,0.07344267621872791,0.004610470753119438,0.07609384460625164,0.07674169358188809,0.07879936993089448,0.07298244931761606,0.05365879033710269,0.023193654680415794,0.015323169566295654,0.05708211875791701,0.004575364315464915,0.04897919635005365,0.024667819402174492,0.011819067546912936,0.023021010139936317,0.06154591142178383,0.0281570304957443,0.05972645006528656
14,0.0381040548534758,0.07376726348854531,0.01595213311869293,0.01279352231569886,0.0682530281487304,0.09031158802702417,0.02881668733967213,0.007408504419852881,0.07474190445803332,0.039738891636948694,0.04512297496622253,0.06729851917524289,0.06555885976977771,0.06370285952060514,0.029530272907427154,0.05819594499846892,0.0501411476843618,0.04491404455496344,0.04512966427811488,0.06360927059344801,0.006116689719839859,0.01079217402485297
15,0.08899135699684754,0.006968695840645164,0.03637936145881557,0.04002645264518093,0.034187094529568036,0.02830676521515669,0.012097347690647377,0.07432125999576125,0.09217949680634338,0.024234630252074375,0.06024044279444274,0.01825203651840541,0.0066672333021023196,0.061871868385510884,0.013327362199401166,0.09509821297269465,0.027529005333929834,0.04830443820692451,0.056589331022074835,0.008890156574650096,0.09520437782760915,0.0703330734312141
16,0.09711145129834427,0.05300405709840221,0.011302742457823825,0.07473386491786696,0.02985407265545804,0.01419405591811784,0.09177419559743714,0.09197745173791559,0.013023619338959572,0.007902069137612886,0.07502205734767355,0.01167408238786594,0.05999226344413875,0.05855842835845048,0.03196805985868887,0.04556273625634484,0.03537787330370005,0.02638271857495726,0.02831981852553355,0.02950113367418816,0.04591069490249537,0.06685255320802508
17,0.04796314890597622,0.08857193115949757,0.02748814434538889,0.04574062160503439,0.06425323780730091,0.0150195921814227,0.021937216644498728,0.041299146678030724,0.06445735223911157,0.08841307140654724,0.01705349763924579,0.011276497100281465,0.08852776612016829,0.05034183510353655,0.06336922008774142,0.04800185386065633,0.03334516570273094,0.014026915357955513,0.08704730860078357,0.05139318091607824,0.02246217553659649,0.008011121001416497
18,0.0747575468649847,0.01072184352584835,0.059277650830896284,0.0893776538027903,0.09020542823112468,0.07919679795144093,0.07386516203559887,0.002613144682470833,0.006718388361445365,0.06658961934933934,0.032171026512851524,0.024666968945368805,0.00643472449254702,0.03805608653521046,0.04347853245563485,0.07089213128214616,0.00362520325401482,0.05382681424514902,0.04765603621075785,0.0044978253881754,0.08791206065161436,0.03345935439059018
19,0.003238038233234154,0.01300924099423894,0.09282090418439011,0.08779012387828768,0.0882645933859351,0.03789626688219449,0.03054763659574196,0.009203058751187727,0.02756487922488547,0.035420540001731,0.0007907859540200968,0.07399502367032167,0.10041396583723833,0.026528270423686523,0.09448705451191039,0.09084682756840884,0.06661015940135742,0.04006237695435315,0.013448042450632755,0.04378629638600411,0.009183383440925246,0.014092531269314867
20,0.07079182731040601,0.0030090850368944605,0.05926158404097317,0.03971729125971547,0.038667141865809426,0.005737632911517439,0.05669042244473497,0.043995354700403,0.036279000739051374,0.02511042198445421,0.05641286395569341,0.0635558180189236,0.04623130895525149,0.05586746714264538,0.069415372019978,0.06884662686642747,0.05609452828365421,0.05972178321035111,0.04906214939648217,0.025943880813023856,0.02370837138220491,0.045880067661404886
21,0.013037215240596122,0.04926398969130809,0.05233321793994914,0.07124268921347253,0.03586624448239296,0.02619231285073891,0.03985530818307174,0.04558487354278782,0.049966010212391485,0.035217922337041824,0.021484256278523843,0.04838302743657872,0.014118212992282884,0.08574989535939104,0.08446908515170176,0.0735013570409635,0.009066149050528124,0.08378579752847583,0.04346647173513535,0.006987674976563788,0.08077977865648688,0.02964851009961773
22,0.007015966250547082,0.06979432531032816,0.02729649899515039,0.0395449045613744,0.05044875337909435,0.03770388451847656,0.012426904273299092,0.06740496379625789,0.06325057190022557,0.029140595237214267,0.028742159343251132,0.005107523722517028,0.09755346880146623,0.09057028934827695,0.04471774584662592,0.08687711189000215,0.020675249895215762,0.03466739065812584,0.03108549261702794,0.04939973538666089,0.08799039566455992,0.018586068604302466
23,0.06450799507751792,0.0999064843855404,0.01932797138690993,0.0734383466577351,0.0518166682136251,0.003908231883040717,0.023782841401566623,0.019939665652511453,0.10101342425246501,0.009054392365629119,0.01944891079424554,0.089049577445079,0.0415175464877544,0.034538401378498874,0.0971963478303767,0.02686102737284473,0.03494596290391399,0.04769654141852815,0.03152433806566738,0.02289572271607791,0.05416087017561708,0.03346873213485504
24,0.04451193826692335,0.07438354675967888,0.046740994030456104,0.055277126906003476,0.03851928257587227,0.055808422849956435,0.03747781362481407,0.04318783148189782,0.07669732020684375,0.0052979258262954325,0.06896925583302338,0.018214211040188246,0.026271916459255723,0.03592753864525181,0.07152884071466531,0.04741173094387926,0.07107367978380272,0.01956867082386285,0.03930005842732,0.06736710782780266,0.03922250399630446,0.017242282975901753
25,0.03011042935943643,0.007260504185281572,0.0714069419904352,0.010758592432921734,0.021642164771344126,0.06190374681969338,0.07418882082712677,0.09001543277074261,0.03243161067488319,0.004508363142981749,0.0839455035387354,0.04329152015232742,0.028189847274796065,0.05821040417810389,0.03728108595330394,0.012824903797300256,0.04468315227695204,0.025630840687774818,0.0866277740522991,0.04368554249312455,0.08156018622509054,0.049842632395345164
26,0.0226483040573148,0.006135558203180237,0.06483130498891478,0.04818121934194289,0.04260779862361988,0.09272964295020186,0.039892925952806406,0.006073676571465833,0.08317345140870902,0.04377365308183678,0.024977402454732324,0.012537973197904964,0.027858212127735912,0.07786131662518721,0.03460743669362723,0.08714676644221059,0.01518687001974582,0.07100533840729215,0.05130666759235628,0.03484698477188852,0.05197674508646851,0.06064075140085815
27,0.06585127645494399,0.06884403354455648,0.010636946118059227,0.06006434345319856,0.09035998704856266,0.05366789604432961,0.01485336924374924,0.003715572830149657,0.03112875904158233,0.03200639156759568,0.08916650987012538,0.06569498205732127,0.016036331422437485,0.0172699067880813,0.08680494134995245,0.08096065878098825,0.07229955971408836,0.05410110554331076,0.05521397731631556,0.005030489676686039,0.0051920709810403705,0.02110089115292538
28,0.006456242419068985,0.046867015177327796,0.07711593961164938,0.055920819752210575,0.034914365257032426,0.07120246039248312,0.06065530259224849,0.06991806939413027,0.00835617577663232,0.005797926076427918,0.048239090705894994,0.06256757241368452,0.08029757596574265,0.03994568676621356,0.0019976118688257837,0.029083126163928757,0.06843923604592393,0.0022099430452451334,0.030059872633585078,0.07113585127723339,0.07055845194089085,0.058261664723620266
29,0.06255338081322465,0.029296857695789352,0.012292978877818769,0.008279178617119826,0.04683181186152969,0.0869313827100436,0.062318151682714006,0.07196030511743956,0.02194398009670327,0.0739312958776006,0.0032041602828891728,0.06773173930300297,0.004209721275831877,0.010685229386500104,0.0712981175162364,0.0478378679489596,0.029346749663811605,0.016046233367227488,0.03308389919253403,0.08118916161789173,0.073454798490154,0.08557299860497763
30,0.0708135290720709,0.02478591926798821,0.0822888618526003,0.05362999237394753,0.08502338504330156,0.0022571960433396673,0.0769085965819046,0.01353269175651036,0.017902321480557988,0.009442697989667735,0.03424584610306455,0.0404189401268246,0.06491463442643464,0.04344582819992718,0.03235219458797233,0.04138080727357833,0.03499979280984379,0.04747595930603109,0.05292671568274972,0.06187125611807387,0.05741316161936943,0.05196967228424155
31,0.02579678770903744,0.011709397895208926,0.023898271866483415,0.028128033702271116,0.022484154568142355,0.06264636845738926,0.01067544726005141,0.008292859845916774,0.07718004486276994,0.07654313229922335,0.07093810010977519,0.07883941423857925,0.06814311925045788,0.04546630708367155,0.06781891749679309,0.01775187656498026,0.04826571490070967,0.09182209766052006,0.05965226986682484,0.02295253723206754,0.0438011676081701,0.03719397952095666
32,0.03523591947328106,0.04864630946363381,0.08239924933332272,0.015684655202506406,0.06072888202975911,0.06173430510220153,0.039893187176946364,9.0103632380679e-05,0.003829716523343934,0.0696826395638403,0.0620383582832305,0.007347590076724463,0.016926665659403022,0.06533463921584391,0.0619005443996148,0.03753262822691312,0.05061888501211515,0.06048697940088296,0.06847720483233223,0.05174936165958242,0.056229184796632206,0.04343299093550928
33,0.018437504371094263,0.06609134131400403,0.06672807783336214,0.06190161932206451,0.04181857034227539,0.04313862553704185,0.06748792475517634,0.012001643714188827,0.04780686196159349,0.04458762884198656,0.034120864360589184,0.0416107633308057,0.06337553473303882,0.047882866742920804,0.03891835809753219,0.055164770924073535,0.02257454342535702,0.04248286761424924,0.0535631675725377,0.06337146261801795,0.002608867684570516,0.06432613490351975
34,0.06016744306050876,0.03779323364470809,0.020816460845501473,0.07620074199048245,0.03016701291573853,0.10381764154693021,0.07728393515854413,0.026001013531790365,0.015705449891877464,0.015142829824478938,0.027996755973353472,0.013116854677361456,0.06649569658507701,0.021888721101772955,0.0374838759843488,0.03596488171298401,0.08733649363820876,0.026394758814262825,0.0036460664506954817,0.09396315636118968,0.0680589790921887,0.05455799719799628
35,0.014310763817042974,0.04650252928940784,0.05118547553859648,0.026126861493085598,0.07613083429054168,0.008548382973968434,0.0003727731943540562,0.024231348911624265,0.04783498451986944,0.06831058144323246,0.049864668716782364,0.05797023489169578,0.05780717166332243,0.03648129704345261,0.033970497862318434,0.03467398042964816,0.05463895998284357,0.06337492613663546,0.07482073493427928,0.02937073400324996,0.06641506563502489,0.07705719322902368
36,0.10351770468861975,0.05304278534444815,0.10578741292262202,0.006355824825121431,0.021201897149214288,0.023161794122618998,0.0326110318791865,0.041499029744464365,0.11796879897153688,0.001913785116135848,0.10672589721510368,0.0013292877000947302,0.09398072779968228,0.0065682447440160085,0.008120237588228711,0.01026303496809006,0.10333104745626061,0.02127387106787512,0.001314697844845869,0.046373072826415576,0.0718214307681213,0.021838385257297685
37,0.00923183151133521,0.04971978716481535,0.08488266638560238,0.032990115924777096,0.014648007475940401,0.016250820704879345,0.04500140252107389,0.06047730934205663,0.005182725371490962,0.07690897068230826,0.06229076629943359,0.015417704422519368,0.08006736979310665,0.06155978169309254,0.006694933075079767,0.06802414861359779,0.051615050809408536,0.03989447865328244,0.024371282333840734,0.07935493225286386,0.027241714790042164,0.0881742001794531
38,0.08705883848023631,0.04473635143444855,0.0768307104868306,0.05426039812530485,0.04334250680612146,0.06899730190910122,0.08908159552479535,0.03255802762209187,0.017941506080855214,0.07659039486397203,0.0005322167905554828,0.021925301410566853,0.08586684560515233,0.03905256650865396,9.080016688499113e-06,0.011435674249316404,0.07614793990947914,0.004140261992301728,0.04017799637143162,0.05304232151239071,0.06360934143520346,0.012662822864502652
39,0.10445168015924013,0.011207701031922045,0.08383202508859268,0.02149478694560585,0.009058186301017625,0.045011912346991985,0.07942993326990666,0.07169472894539519,0.040960823987366474,0.030104788991123607,0.016839011175155138,0.0730850305916893,0.09302628135329875,0.014858938484919712,0.04361836593880017,0.019598295946628645,0.009259548768839134,0.01943090753242294,0.01650810764326827,0.08198857482957697,0.06062956238281124,0.05391080828542753
40,0.039611923650044095,0.07564713843293483,0.052885015184907985,0.008674411393833653,0.020746491019467444,0.07894538154079021,0.023305916774025704,0.05369290986083964,0.028094588643834895,0.04028769444071953,0.06971183813160885,0.00910987620617916,0.05784996679888602,0.055439677708328916,0.07732550985621696,0.05813614726910907,0.03759338842079232,0.03117443853666063,0.022534231659004395,0.0168938871327221,0.057765905336300834,0.08457366200279251
41,0.08314423937663415,0.02853793587914771,0.07544351709734397,0.0649528883261235,0.006035824590054674,0.028988195127236948,0.08397468234138672,0.055551869864587704,0.005042585621096705,0.024571374563991978,0.08158515290602258,0.01606363120351922,0.013929138003297342,0.016178813865733586,0.050039435573350284,0.05915705387104871,0.07899096682609415,0.07702155925110624,0.007322418351271086,0.05805523953310604,0.07860492778959795,0.00680855003824886
42,0.008000011499798631,0.03339811643462586,0.07989534187218288,0.03735402156175142,0.053113759080925006,0.04354837142679147,0.07889142684637318,0.026845248373008307,0.06877829525025217,0.036072609418175604,0.008144728605217054,0.035143457186252794,0.04340565490017778,0.07719529520088114,0.057580261518591434,0.05911579293481027,0.055375945026573864,0.005731122498888338,0.03971846832073684,0.06195525472398624,0.045514484041147024,0.04522233327885263
43,0.04275169083164208,0.07395717894191153,0.003100016250457041,0.07651685284512583,0.01827541564603454,0.007250847133767082,0.03372724239222178,0.07870903617268729,0.03789543457051285,0.0744406675545942,0.0011073074910463293,0.049948411663030365,0.06206165066990099,0.07419206255970218,0.0663758143834159,0.027037564198321585,0.011663462093085528,0.010757737588046632,0.04262498932659156,0.07735287999178501,0.06660094032616651,0.06365279736995326
44,0.0026340979544425417,0.09293515450452448,0.0586957986342271,0.05718129628460233,0.0013420487100658152,0.021603959494949317,0.042136763752994834,0.03502946257767111,0.06394416032148027,0.020555386597782676,0.044312388050293125,0.0967459492793399,0.012387506255478601,0.07318377227561805,0.08555135043314936,0.06339809119858118,0.07517069235420709,0.00988520399373549,0.0266856358715361,0.06747359517048569,0.03287672602685651,0.016270960257978494
45,0.008834492846343007,0.03581612933705459,0.002399600145521158,0.08314390440069944,0.011982933135319493,0.002941243625130201,0.06595973430066596,0.0813992622442323,0.05995267491667326,0.002736504560405128,0.05036609261007881,0.08418659154462071,0.021823911685588136,0.061480582868108626,0.07350249387190923,0.07799165046182713,0.09035665754575373,0.023424770882755193,0.0875862587569117,0.0700136241256386,0.0028818848322605586,0.001219001302502985
46,0.10212537564393216,0.001571657897901216,0.014638510573671402,0.06839774146647258,0.031368156181915414,0.03443244255709883,0.04971949711371078,0.015926082687178753,0.07424185275171527,0.09044727490369484,0.027578656968581916,0.03321691804159962,0.011751187141750663,0.05038811435958917,0.05390023368776477,0.005985662722395904,0.04151640421511121,0.05709607187705338,0.009824389575914095,0.07039686720357834,0.04987565422410634,0.10560124820526344
47,0.025255694461762377,0.06501691708014785,0.06966921994651815,0.06852443940484246,0.052217803497255626,0.04399457976760373,0.08016989613968369,0.01911498694878137,0.06660446337888493,0.048797171354542236,0.04367323019270093,0.05353641520818344,0.00977397496829768,0.050272244815501285,0.05066709859059256,0.01404694813128861,0.0485245130111757,0.07791727335483477,0.030237906169979192,0.014036409886270487,0.049747238236637244,0.018201575454515714
48,0.04374533612337578,0.06491324098610333,0.07632558379452138,0.013889629858415662,0.062421000375996204,0.05798663642851207,0.08032684728242243,0.06041817177230387,0.02739279680279484,0.013732191748889205,0.004189743047523035,0.006084576734133964,0.055852541331692165,0.043842635341871175,0.007231693044408866,0.0848285204032536,0.04812289905884876,0.08111749029196126,0.04418936179057353,0.046778098976241245,0.03922877006079112,0.03738223474536634
49,0.033399827822332154,0.021438217532203943,0.060529412810710025,0.008658432605044218,0.05458164192411406,0.055187520624078154,0.012476191553401099,0.06482296944697905,0.03187688150427694,0.030434967143254,0.07599753492004266,0.04964646939883861,0.0030834559050284425,0.055882882355742486,0.03395672802130663,0.09245927718385635,0.05515910968260676,0.09333496350032336,0.09207662864242634,0.016872290435691162,0.025896233705628595,0.03222836328211513
50,0.06236983773678104,0.02863259782938526,0.05582134932255149,0.09484841849392578,0.015414591822227652,0.050500831854646,0.019166585750956578,0.04408435871139289,0.07131277888331894,0.02384484243494631,0.07540719353680465,0.08952270009745172,0.07568747816216048,0.008844025181750153,0.0008750735890841559,0.03727351362864438,0.012317368619760455,0.07437996675461699,0.042858712284354006,0.0263984359984697,0.05484624098684297,0.035593098319928546
51,0.043109665718960195,0.029758663133720335,0.029535597620065208,0.06190843843452184,0.024964448758144818,0.08191738116396735,0.05953030586701397,0.021172098380019353,0.01410327816346373,0.05080014599741844,0.08841718261491417,0.08291631483814098,0.007370378514775069,0.05143963679197709,0.06813567416886371,0.06334259694181359,0.013733144298695276,0.06577581933710903,0.012044641363665615,0.050694596368799305,0.06783389089684945,0.011496100627101451
52,0.045188040132843436,0.0011356733431002312,0.0634094937079103,0.0466888559799392,0.041716552883398976,0.062399429285004596,0.05373417647875809,0.05392608882384158,0.07019478364386696,0.06047496207654883,0.028463833821392292,0.056824565359412195,0.06768811387663812,0.02542744569513335,0.03753159145052934,0.06093785427592537,0.04274482552607734,0.0423372080018709,0.04506637247625762,0.012631985427171203,0.02193324854770185,0.05954489918667836
53,0.048757670778454616,0.05854911970498987,0.053895255243294714,0.061735273929992646,0.03432870616467548,0.0168611479786872,0.019728830675914338,0.06923739101860309,0.005460483764175908,0.07467229825080995,0.0668278376591836,0.06540921975517353,0.0399825482468432,0.008762022922875234,0.012342165682494757,0.05101671631370718,0.04063348514335683,0.07625812596217021,0.06829216920094079,0.019624640153497176,0.028633515156302993,0.07899137629385675
54,0.07077599795217186,0.09434198314249295,0.034389426775470355,0.03344230965405487,0.02600416729501517,0.07424576024795812,0.024700082166004472,0.06933933946020815,0.08432285374777568,0.03503677757824759,0.06970179987500014,0.0437682444105128,0.03474136790195707,0.02458894356433378,0.0005768108154823015,0.045813476948519075,0.028860244107000558,0.06490057035771449,0.05667782508849686,0.009200207579501506,0.03197105578973253,0.04260075554234968
55,0.03876010275392226,0.09809884115107641,0.004768957955037765,0.013643876168526298,0.07948060334520383,0.06674421024832912,0.0031811877787387933,0.08156648071385987,0.028255222496646408,0.011717165601495173,0.11153149382933024,0.0109462271416302,0.08878971360562611,0.09684945635670993,0.09145335979409343,0.021248516114790613,0.06535441620982832,0.01125739257545069,0.000610428379047124,0.03479871466542581,0.020163777705787762,0.020779855409444062
56,0.015935442428347126,0.04032509117496148,0.03767909658232621,0.07281941818819646,0.07260148059854098,0.045647481086784646,0.05317739543385556,0.05624442986399706,0.047647861626023795,0.07200433106951461,0.045253672886469164,0.04739589000367007,0.0412056463586545,0.02626568090191591,0.06418666489944307,0.010371986367373362,0.01638957273839935,0.05547868763651797,0.0534803049672874,0.025020993031558095,0.024135546771531565,0.07673332538463151
57,0.0324641613127444,0.00035206698029186895,0.01605499644559692,0.06147943874857638,0.08349477055078916,0.058146368070488536,0.018642012248240625,0.08488955222664359,0.049699502694306716,0.08636477150742136,0.05960684382459316,0.028358430858085995,0.05486338779538396,0.03018501231925114,0.02644738386033267,0.04352424302554103,0.027551453770598647,0.07901095350087368,0.011877945811513016,0.011272823748528789,0.05404616920439477,0.08166771149580358
58,0.058418439653063606,0.05159596334525928,0.01509628006752317,0.04973414847846867,0.027177361662304993,0.04034042249370001,0.05052766279493407,0.063191981314812,0.03705645673813171,0.07091717578863767,0.06242425157433209,0.0011662650130567999,0.011491524986201897,0.06286850586787755,0.013254335833903404,0.05560112908066228,0.05393975959868176,0.04441588926556049,0.059924056625998104,0.03952021010055379,0.07211300343570679,0.05922517628062974
59,0.08149682238142096,0.07145377169493641,0.08289481874944991,0.002725698628615408,0.043598371165166946,0.07811598013723582,0.05082899208225151,0.0019294841213202602,0.005364503437669023,0.03128158811399104,0.010510612830592089,0.04741792978133293,0.05906712964832667,0.010268531220489872,0.06141915732623701,0.016872582185971062,0.08711586336793005,0.09406179670727915,0.02133461647387046,0.07361521757154399,0.03325462893831208,0.03537190343605732
60,0.0301654326262875,0.03930034762124766,0.08216102403047672,0.01873154391489578,0.057556733242596796,0.03482049598702798,0.007726096010392834,0.034233724724193004,0.06921808529574999,0.07050489278376317,0.08864730910519518,0.02895801647145571,0.06925370540301634,0.009103544992560626,0.05878604714438123,0.08676859462130462,0.001488983784432442,0.08038238940589686,0.025352488758068125,0.04306772477099831,0.05181910485541228,0.011953714450646842
61,0.02849506564174725,0.051847005311071066,0.06405990495153378,0.010214214740661897,0.05415342047518841,0.05575937282063616,0.07765955218174062,0.03609763752320484,0.08040319906149397,0.019936656793548155,0.00541614312658145,0.07431876617005119,0.04853409455298435,0.04826140053155175,0.032387612159624914,0.045715359178801894,0.058981233377970045,0.016084800475193055,0.021756890036264305,0.05729771445958136,0.10134963777560417,0.01127031865496552
62,0.00957258238091754,0.0875199752864762,0.03960878630105103,0.07674583781432089,0.08519226165155604,0.02895629238646678,0.039486804857818025,0.0625664584890753,0.04211067593746046,0.0686508955343194,0.0214138142069891,0.07606922016396449,0.019770070401794942,0.0359358647139238,0.0027111601576593177,0.011214499286470924,0.04276187190499163,0.0751178098436609,0.019164536815708406,0.052183849531762375,0.026501978531491,0.07674475380212131
63,0.04854540197070428,0.002777829652332274,0.01028233597762328,0.005092133630444858,0.06096161789092107,0.022957615194617788,0.07353967268176108,0.06339849820926352,0.06159399527993641,0.07390619882973669,0.09691214713424627,0.08456540453251345,0.0783070585650303,0.02290871449619027,0.05354830416948767,0.0720714946591079,0.007617987411308755,0.012086881188737242,0.09799294077734837,0.006646907161953589,0.03874238259508149,0.005544477991653392
64,0.016724585137862187,0.03279148601800829,0.035217447990670094,0.07910426056151969,0.03798069776352619,0.03311332364906724,0.012052811715737737,0.07452992772545455,0.07758305865702972,0.020275674289717667,0.05628881357660414,0.06586035376695608,0.08130701596389377,0.019706499423035973,0.06820804720197775,0.0447039277580618,0.06515965235205205,0.006462669512988149,0.056423203815509373,0.049273799306137706,0.05026769481700148,0.016965048997188335
65,0.02668278172799078,0.01956839477046777,0.015499216694176544,0.07761558537981549,0.038964353382903404,0.06223373779129439,0.05886136845016736,0.08830856826094456,0.07105712265301964,0.07454992497291764,0.054836764566248676,0.01608428449719763,0.009028390198233652,0.06393002537628277,0.022502335830278955,0.01487268300972934,0.02170209510164383,0.05660267889646177,0.01166481219786218,0.07843415188354333,0.08990964328504414,0.027091081073776203
66,0.07008873451088317,0.028398452442144416,0.07141089509391248,0.06461077744648822,0.022145208375576382,0.010264982891413837,0.056271379907320736,0.0594878012218204,0.039318142938016096,0.04112287560236886,0.0641338255932957,0.0024331567222054843,0.04025515240994068,0.04820324805361954,0.03450236371290703,0.007399384742279243,0.057897361495390286,0.04243088281398776,0.062194389556402586,0.03684644911812788,0.07009377474696274,0.07049076060493645
67,0.06433550682010426,0.02641856343992782,0.07748814282652171,0.04940240056559927,0.07211077396197448,0.03934584806685518,0.026572080253503487,0.059657619133905805,0.032482496332129046,0.025712674407662495,0.025295199838155626,0.006357653182896237,0.04994942620160039,0.039100826632372285,0.03273227555798934,0.06892597573424265,0.030032732810599427,0.07416090512779942,0.051533800312321264,0.06880967497285492,0.0767713244409912,0.002804099379993751
68,0.003003985134000978,0.036328828189041686,0.03586489086251881,0.0379840207163149,0.017808239264438693,0.02152126974099667,0.007465803350761561,0.03661675315669199,0.05240569830095246,0.05434454926886008,0.0878900571811508,0.039456064407139356,0.10021112245039517,0.05596269292529456,0.08648817603879472,0.09225840610481843,0.059465440867665004,0.08768796990086702,0.01903069084033694,0.00933479447283407,0.041485708274571535,0.01738483855155472
69,0.06234980560065273,0.04693727399537494,0.06408710456506257,0.015649575315702574,0.07136578804736982,0.035897672597982086,0.06113422133596514,0.014414527182033956,0.07139323571107618,0.03235891467386917,0.033568708225859875,0.056668809492242234,0.0592922709453451,0.06538820799476613,0.006564641938698407,0.04969095540401581,0.011877148213215201,0.018576011341197185,0.07741553535055509,0.054127285464485954,0.05048107798538881,0.04076122861914103
70,0.07852069950067407,0.02606255623622413,0.0612477459528227,0.02219209657572158,0.0789682262024337,0.06673520417215421,0.006645346419524814,0.053173461361301196,0.07804328186187909,0.0593643124032439,0.004428170388501152,0.046799975550804306,0.06189203903598568,0.06457894363291505,0.08273824996332091,0.008584221202951083,0.006801650917179866,0.04636614338099672,0.07509776185332376,0.051732615924506384,0.015152528335905628,0.004874769127630046
71,0.012572020265738346,0.049791624357636954,0.019369974729656004,0.044285582915189886,0.036247547039616655,0.025389852595369147,0.031100093783811886,0.06290825312834977,0.05047329409720435,0.03494545774982066,0.011433738729314871,0.046384810087541056,0.008169520399113447,0.07684838507504843,0.06212720255810248,0.11072820928515822,0.05930121293738152,0.02320829179035523,0.05274749001655275,0.03430356842224213,0.04411314462931471,0.10355072540748142
72,0.09639085052503013,0.022646153861567403,0.04122539036597676,0.03255797957976297,0.031003547164953436,0.06417835185649769,0.014141891911237056,0.037225403018339424,0.007882773531053391,0.017321518797602804,0.06544138344620955,0.07769447626447537,0.06605782049190512,0.03158719204188809,0.010576681156173414,0.08571647802996026,0.05678882655963965,0.01775550569788673,0.07621933492473061,0.021534254858543732,0.06114352162618103,0.06491066429038554
73,0.04878197584070952,0.0491482328906709,0.06460405244697533,0.09938657041960826,0.013494859387995382,0.008109835449049375,0.04503118141426764,0.01523337773840461,0.10224908494386328,0.07590823097029711,0.08854090940587514,0.04521982408751599,0.038418429634335075,0.02003009131899397,0.05104065074328426,0.09043538850810869,0.024662955534200365,0.023148231820017424,0.007932675873436662,0.051489731366871946,0.0005769972201908312,0.036556712985328234
74,0.021547598441827357,0.0009241703510483435,0.020701422233718066,0.05861492271686743,0.05605382120514455,0.06083629464429173,0.06053063988796195,0.06859372094209455,0.06980942932870976,0.06237435150720242,0.07078052726530382,0.06218313829162354,0.028210230624758137,0.04054658856589527,0.021730605422509246,0.06466244541006641,0.05401235375641642,0.04962120685700882,0.0704840894207759,0.01013129213445128,0.004791363684333049,0.042859787307991885
75,0.06680286555077743,0.04923148749055917,0.06508213722768628,0.0746511555994595,0.04256408208515509,0.02495979982021434,0.07499193036351195,0.055006204782213776,0.06742117146333067,0.006556718870397842,0.04529887079745911,0.04408208895846329,0.06694788147671267,0.02914252764683614,0.0046135348403493065,0.0070631464005318535,0.06148201115703394,0.03486847300136287,0.06776412595550771,0.06502242926597675,0.04056836340649062,0.005878993839969704
76,0.0527655001961303,0.030188437341991125,0.0036112534472394465,0.07639082888202677,0.059751171002316895,0.045997815492397336,0.016630647573894757,0.060080024472510235,0.011317644511560188,0.07202369999829375,0.06393094890678813,0.0582482950661327,0.07052452223191245,0.05473371591943791,0.06659239762991136,0.019175931603210003,0.026323229732417765,0.06946431028610345,0.011811652313187869,0.058692555256880094,0.018177429803038388,0.05356798833261902
77,0.05596385941185576,0.041092869745131634,0.012783885513209036,0.023178020441326306,0.06188439269992193,0.08691500217609407,0.06871196601557258,0.08969312311902058,0.10236028230427106,0.09433204982712894,0.0016604165109343988,0.03986894758904114,0.021051029083244563,0.08775974144803084,0.02222684115690896,0.08086863277293427,0.061819900173898545,0.016924746496148706,0.0028151011969357424,0.010749608869669374,0.0059547309347201165,0.011384852514001335
78,0.03246765114076235,0.01793460606859215,0.07459449263605455,0.09244756296230625,0.009728796983223834,0.08608476018349757,0.048746269510548376,0.03984778589585044,0.0064523942751019804,0.04379913155523302,0.036766051888723124,0.017019474529911087,0.0729339366687622,0.04935620676865583,0.0992979219772318,0.04807926095378123,0.05904883740063464,0.009447617157018829,0.05150982997763396,0.02106126816082237,0.016685489189358003,0.06669065411629647
79,0.08133940582013163,0.01438968380142909,0.011715019509277034,0.07305817646146671,0.06587615520192369,0.03402156748531254,0.04125368502417823,0.08072449707307859,0.07874414711729638,0.04600879254192206,0.0505104092146631,0.042382773788502096,0.019846906841065513,0.03416495412499246,0.001862557655133491,0.04221998105605007,0.06943876008408106,0.05450503345441289,0.006394357561327998,0.0693078944018479,0.025164168573019948,0.05707107320888765
80,0.08226540238748288,0.02546332933228498,0.09171345415823703,0.04099609392902268,0.011443737882009124,0.010342199782184112,0.08850856638872037,0.05911374739854182,0.0664561614115084,0.048284835322688374,0.06310358096107038,0.004852047336326346,0.02365821256298269,0.03934673002727983,0.037232066525113565,0.07969488261487259,0.05633059272315738,0.04662939350897876,0.01242443158337938,0.005881173816729539,0.024546880618889395,0.08171247972854048
81,0.03922377533900065,0.045071257550869125,0.024395240153740404,0.07489007316051276,0.042086913809501116,0.08781991968561341,0.03282384989477036,0.024973044077674457,0.06861468841232016,0.03248455186321325,0.06602779165634133,0.02181801282403545,0.057450038512923254,0.07572737503827796,0.017885708386183297,0.042341136744443716,0.057103386936519146,0.009207833411845124,0.013226687712482152,0.06495194398779087,0.03643263217195314,0.06544413866998919
82,0.07793200340412658,0.04571592018049763,0.00801834672230997,0.042981304790290706,0.053037964347750405,0.01826189594374784,0.00712742511371168,0.026474667791099648,0.031890516909600417,0.06749683791278427,0.06755795649389373,0.04615777643980578,0.059061973461314525,0.035440135423229095,0.018750539437828034,0.04863444110008765,0.06799740887072304,0.07902258966699072,0.0341184426333342,0.06517986440947093,0.04494703355398696,0.05419495539341611
83,0.043088453285563384,0.04702885240414623,0.026578554187684896,0.057419096951780754,0.033049707987387336,0.003750248667393202,0.04032886011519391,0.05025415727165113,0.06506762175369821,0.017633510367233804,0.07637359219989333,0.06551550427919478,0.057663224791429685,0.021460377021020494,0.052817417070337644,0.03036108373703131,0.029234666863349062,0.06871047331913578,0.06831261351163988,0.0028390138997289225,0.06328566094184905,0.07922730937365724
84,0.06059518064668382,0.010743767665941735,0.024350786667800422,0.025848365593178164,0.06442865518470428,0.05311492624244475,0.006899710214793821,0.0007701346943185328,0.051585387416550096,0.03281922396790141,0.05370916433739144,0.04526068170138638,0.02028158220315424,0.06492973258903352,0.044102503378027284,0.05552945538296935,0.06710639945007489,0.061926698389402964,0.06275501472528285,0.07856858131995852,0.05750656278551543,0.05716748544348596
85,0.042663547619800596,0.07013833870066508,0.04549061047941687,0.03919991719711162,0.07694828504624504,0.0004084918908211429,0.043929678362358775,0.0673916901136462,0.027717044191834347,0.06955681833407117,0.04799096991484226,0.05440081088723673,0.06716096865773391,0.008961644623223533,0.041909343973143505,0.011995735848255137,0.03467285296267983,0.07767379642500263,0.05124649762385937,0.061890116526677,0.04291774038238431,0.015735100238991107
86,0.03252795432982661,0.06934252496721816,0.02644978198933881,0.0063059098486576235,0.0710494333317355,0.054166671360045486,0.04228768877456937,0.01450496699522975,0.06287785852902084,0.06724225802188993,0.06561199236799573,0.004911920046656304,0.015710094597767107,0.07622394153063812,0.0812370210830473,0.05848632515096877,0.007304172492487664,0.05595237293190781,0.03586606531590805,0.0629374553218656,0.04544856224126866,0.04355502877195664
87,0.05513118317255179,0.032933554738408664,0.06312540120147957,0.08851522253101721,0.06338890811169771,0.0013920197642559458,0.03094139826140678,0.0029587050912326922,0.11036329171677742,0.10086406183342488,0.08146647359705346,0.04646391850520792,0.03659158140185367,0.02014864505901417,0.007862806535150344,0.03573907742609411,0.010105999913931818,0.026340980644148495,0.017950644955234525,0.1153915370229362,0.027976602436701775,0.024347986080420967
